1 52 69 129 154 156 176 255 265 360 428 460 489 508 564 571 597 602 692 741 743 773 801 819 825 835 850 852 853 861 885 
2 13 41 79 172 193 206 284 365 414 425 429 435 451 497 540 
3 211 252 289 302 335 367 385 397 419 443 445 450 472 479 507 520 534 537 543 651 657 664 719 791 
4 16 39 47 50 55 126 144 158 246 318 328 484 524 530 559 678 697 811 813 823 854 860 862 871 875 878 879 881 902 908 922 930 934 944 946 947 951 956 962 
5 99 104 163 205 244 247 263 272 293 345 378 388 409 456 511 544 558 605 637 671 731 777 790 812 832 840 856 897 898 901 910 916 940 960 964 965 966 973 974 977 984 985 986 987 988 995 
6 36 88 95 114 115 121 280 287 350 386 482 512 533 556 594 620 640 654 695 720 727 760 781 782 817 
7 61 82 116 125 221 256 285 310 371 382 396 403 502 531 532 573 588 603 622 630 636 638 668 752 754 797 830 
8 90 165 201 237 269 315 327 332 356 372 444 468 499 506 614 628 629 666 675 694 774 793 800 829 843 845 849 851 865 877 
9 59 181 190 199 212 233 258 266 282 283 300 364 
10 75 145 166 240 278 331 370 375 412 413 465 495 529 548 587 613 616 656 662 681 687 689 707 715 728 730 806 837 855 888 893 903 904 921 
11 32 62 123 234 349 355 373 411 424 473 498 516 523 525 567 592 
12 18 40 42 150 174 184 187 209 225 235 281 
14 20 63 149 167 177 249 268 274 305 324 374 490 561 580 582 607 624 672 691 709 732 733 740 792 826 844 873 886 899 900 906 914 924 925 932 936 938 
15 57 148 215 303 304 320 341 347 376 381 387 418 427 432 547 569 627 644 670 734 745 765 
17 45 51 127 134 138 296 311 340 401 439 454 474 493 553 631 674 737 750 770 784 789 796 809 810 816 
19 27 31 49 56 76 80 87 120 169 
21 26 29 48 86 117 118 168 218 222 288 357 394 407 457 492 
22 33 105 122 146 191 197 277 447 466 475 481 521 535 545 591 646 708 713 722 739 758 759 795 807 814 827 842 866 870 
23 60 64 68 84 100 102 106 111 112 
24 74 133 267 314 436 446 459 469 496 527 551 552 584 593 598 618 642 643 667 768 771 799 802 815 821 848 857 882 891 892 896 
25 213 270 322 348 384 404 430 458 500 549 604 645 702 703 718 723 736 746 803 824 834 874 883 887 907 918 919 923 928 931 933 953 955 961 967 969 972 975 976 978 979 980 981 989 990 991 997 
28 72 77 124 135 151 157 160 182 214 262 279 325 366 383 438 462 478 513 518 577 596 648 650 659 682 717 805 808 858 
30 152 194 217 219 290 452 517 519 538 579 590 634 635 649 661 669 673 700 712 721 769 828 833 846 859 863 868 880 890 895 905 909 911 917 920 926 935 
34 54 91 142 238 239 248 276 298 308 329 353 392 395 400 402 433 503 565 677 725 729 
35 93 108 110 131 139 196 208 241 253 333 343 368 415 417 522 550 554 576 658 683 724 755 
37 94 113 164 183 226 230 242 259 260 344 434 509 515 536 562 568 599 611 647 684 685 696 705 711 764 766 775 785 822 841 
38 66 96 159 179 189 195 203 309 326 336 354 369 437 491 514 555 557 572 586 621 698 726 747 751 798 804 
43 128 210 292 301 307 352 363 377 393 431 441 455 471 480 494 578 583 619 633 639 
44 180 202 224 231 261 273 275 306 339 389 464 528 575 581 589 595 609 623 632 714 744 
46 92 171 243 295 323 342 359 379 405 406 420 448 486 610 625 710 753 772 776 778 783 818 872 884 889 894 929 939 941 942 943 948 954 958 959 963 968 970 971 982 983 992 993 994 996 998 999 1000 
53 70 162 170 204 223 236 297 321 421 463 488 501 504 539 542 585 617 663 665 679 680 686 704 742 763 831 838 
58 71 78 98 119 130 141 161 178 188 200 
65 67 83 97 132 136 137 173 186 198 216 
73 143 175 228 294 312 337 358 361 391 423 426 467 487 505 541 546 574 601 615 690 735 748 756 761 767 788 836 869 
81 89 103 185 251 254 264 338 346 398 408 422 483 510 560 612 626 641 653 660 693 699 706 779 787 
85 101 109 147 227 245 257 330 334 390 399 410 476 526 563 566 570 600 652 655 676 688 701 738 749 762 
107 140 192 207 220 271 299 313 362 380 416 440 449 477 
153 155 229 232 250 286 291 316 317 319 351 442 453 461 470 485 606 608 716 757 780 786 794 820 839 847 864 867 876 912 913 915 927 937 945 949 950 952 957 
